18192898
17290447
22960998
16868443
15051775
31250727
32232669
30983536
34988655
39329936
17635182
32284009
25271728
16724011
25624441
25695618
23809733
23372834
23210659
26946962
28383427
39877107
21659470
24116192
20083681
23153709
19755414
27138785
33236485
40398900
22129793
28673279
25935875
20863575
33876659
27427311
40936312
23511629
6103441
27403179
25182707
24336023
25987655
38071832
23149441
27217270
19268276
16019535
29911750
37614681
21281405
28437488
36932910
39578425
26086825
11557918
18981587
29076187
17579607
22842957
25256590
28726812
11401659
25403996
30040020
19433561
34528449
28094348
25361850
21540762
23146466
36145690
16951398
22134350
19898482
40812208
39179559
34990262
28244808
36496055
21821736
28689179
27752409
18408563
34843875
20386493
32344532
22515274
37891571
30672376
24821368
24257813
23726091
37728834
37108150
29087970
16152638
27707539
28406961
35105285
25310192
22543981
28461741
17233643
25769643
33731885
23407049
19384296
33649523
23682072
20453658
18057928
25405601
20091113
35658244
21361732
34369424
28485375
21398039
8653995
38137466
29866411
22912756
26757307
12208234
27340556
23159229
24192117
26313268
26771271
26242222
29546446
21360545
25474306
24422887
14676821
24902474
28521079
25403995
38612458
21647174
20580759
25565672
20724801
25514903
17470523
25115783
22990331
18593894
16160620
25611019
9738510
32367114
39453028
19483685
19567893
22265638
18855526
20590587
37781702
40632937
19644155
18582803
9316174
23337555
20716240
8257179
37749323
29101530
21494765
32397904
36475448
30786012
29472822
23567490
38474016
30528195
38927494
18564801
18058343
16678544
22040439
22151084
38773528
23670235
40908865
19535798
26735160
38930092
29785881
27324805
40176889
21192345
25323806
37626805
16024198
39850575
10073515
25970075
22838949
19191329
24590654
28025020
38951505
12563174
26255664
23346768
38289893
17600820
36935366
31854268
28791698
29279204
17337040
40985517
12684679
34096893
19434073
32559398
39727196
19119263
19504558
23107770
18815589
35668575
25542807
19448608
21303789
9497245
21070507
38568509
27557140
21790905
19076156
28389049
17206635
23551241
39673390
17401013
20625347
31853823
23537502
9860067
21851379
22704849
21052031
24625991
18708949
27653228
19143748
22350108
17112802
22395643
9066328
21606946
25989350
16127283
24503627
15213846
22926616
20028383
12191703
30336686
29550576
29889674
22534826
37510911
28976264
123467
20353758
28181923
28628559
10591545
17192902
20447721
19752398
28975866
15545169
11525881
19921195
23167378
31619748
27648687
28947035
12782596
39024362
29177570
23394389
40081291
30822619
37148265
25412950
16822601
21118971
17549067
21934636
30016335
34965002
38171911
10491443
32020635
37610885
12960749
18270208
15713801
11389482
24224851
15608561
17616786
29950617
25151207
26147768
33305610
19176441
39346054
19530321
39488825
31002879
24474498
37846549
22592842
23692434
23949431
23874514
37394642
25065700
18542936
9246020
26426211
39511784
9779807
25287072
10704169
23757359
20807074
38654296
13360274
29295555
20392357
20203262
25266342
21882181
17178267
36601426
25241292
33812699
29192552
23562852
23394388
28562428
22301466
31371054
25152019
40369345
79931
25532715
32438452
31967518
38501904
14500339
39555806
25346426
21112657
40054571
27781293
39558667
30334910
38192190
30858516
37194045
27966227
40513807
18212565
25944848
26244261
20568049
27643874
19940985
26086348
23736036
12893984
38928058
25145599
21362365
36029108
22733128
19033450
39576955
24394201
16679777
21900198
27503662
17015050
20403483
26790665
28592191
22331680
32123296
9609616
19400747
25823781
27812403
25482940
10208648
25120580
26996548
16153930
18797399
29441875
35034150
22215752
31059723
27523435
24307847
18987562
17851563
32994732
25108385
18417193
38906864
14502278
15533655
19794412
31004399
19156902
18474679
19016697
26513304
24024892
16405973
26228923
35115810
27056297
24827774
30222710
29539600
21572301
37460671
14765194
18407954
24608794
17559347
23007406
17375033
18276838
36741090
31562781
24598718
21685474
21540761
40182085
34747629
21881565
16387451
17587850
29393850
20195290
23570465
23069858
21383772
24293076
29318894
12509611
21777984
35150001
21593757
16103896
25958340
21228734
39204145
23073468
30013790
21107304
17392730
20339978
29441581
37828659
6111662
25752520
24980946
16421475
27816260
25295552
22414228
18312490
17671280
39353751
15116053
40235344
27958381
36973144
39720770
29624706
28624668
27825374
24950410
37497103
31628422
21779873
35968761
38202256
23245538
30119132
18798002
22588607
27498543
27262302
20305679
28326467
30776417
21947681
29791014
23729673
18534082
37894954
24851022
10734022
16710319
39436079
21170047
17344938
21046104
8689810
21734714
27900402
18086475
40780049
19747927
9841604
20728570
19628119
12686700
20386359
40875702
15788353
21691274
9695718
7965806
17156920
37845416
25327507
2502894
19299905
26587656
19451915
31981411
16917910
40002555
17192767
11214775
31462767
21054464
36292717
26426212
29621993
37962984
19861437
24030684
20339536
37560683
27082504
23212742
28719596
24322170
24346747
24899791
18655316
16388034
32813957
12921807
37042388
15987423
32963330
25677447
25585969
29020356
23646118
40932846
35527301
37372990
18982321
27182616
22907730
26531821
25669165
21332310
33203301
26141406
22374717
26780119
21527445
35144161
22369694
34529603
19542315
15289789
27388155
24342961
27926584
34512362
21951981
15858133
16330681
20504258
20492467
15787927
34048027
23340505
39085767
25834322
26873108
15116051
39263813
19106084
22026923
21753138
25916517
37597219
38206282
30706508
11350878
24897286
23263738
23959274
17687269
25989378
29282361
17186005
39891427
19364970
33124053
11950793
16551864
16874005
19589612
27445478
36134646
20351750
18784654
30762755
40743639
38493369
8592342
16395295
12054632
7550366
19719813
21395648
9174682
33774263
34153224
23383658
20212519
8018461
10961881
18341670
28929491
27530904
18784617
25911999
21278619
24637014
26894651
38462790
25655103
15282199
28135009
34680127
16869811
32800527
27597944
23133602
34594217
22616655
17496729
37835423
34488672
28611364
26830078
18021343
39025838
26761119
26441325
21993426
20597903
40008400
20300048
16797284
30779340
16021435
18797458
26615857
38993001
24590773
21393201
22248286
9357099
12414349
22217949
37331863
26407342
32897581
16911680
25080450
38673067
24492364
16123753
22788240
11751037
16220112
36606188
25003625
32256718
26915847
24624916
28289864
19018717
19444285
21192313
24647007
16937451
12142644
32448869
10340921
9517369
28134748
39832190
25760804
29520080
23407048
21922127
37551203
18780301
28209466
26122019
36836506
25751398
38598106
37615099
22190578
17959715
39611166
26271661
24710841
26779253
21770725
24446315
22821704
18600544
29206869
10739168
7640149
38809628
28246425
21449848
10334805
27298017
17203168
28877533
22717018
14500992
17122579
25074866
16102108
29682213
20030680
17700359
15592323
22885912
15714076
35108398
26641474
12746736
28589365
20818834
40073616
10051009
22846425
12345
18690117
32475982
11452243
18821564
29524157
31124413
25877443
21786436
25381393
20222094
39563600
30672385
30101994
21104443
26902503
39960813
16201835
15841390
12436350
17335544
28090653
17241387
20714340
29113387
21961650
26757134
21810746
25981758
40155873
18769620
29048184
20375999
14522928
25594874
21900104
19074728
18214865
29436156
24747667
38612496
29702976
25894721
16538175
27833958
21186350
19752777
20470215
19303909
21358749
19108880
26195225
23774941
11595069
37159804
19661214
15669884
22843789
10793526
31395958
24668570
40834135
40184070
22947444
37686089
25201288
29512326
30211780
18702631
26186989
21331500
12880540
37454203
22153130
23778321
28833329
16458133
24403552
20860463
39677280
30020991
12883230
16115483
21282933
31953506
31206740
19104657
27646467
25183481
15849225
21288825
37202608
40379961
36256705
40183079
40313950
11545752
16452582
16198652
19523031
39131200
28689274
31676110
27338075
28723731
15970799
29986700
34683865
28627776
18025780
18377430
26223287
36739459
26891871
39014868
24447405
23408116
18637061
12848631
12208804
20962433
16770646
25347948
30902024
21345843
21441248
17713974
34523354
26002049
8538349
22722500
24096103
18579277
37266339
25510856
38824169
16175507
27717793
21273673
12920424
20215968
26932749
18004207
17496727
17558307
16198654
25290263
12707459
31973625
15128048
8825043
17083032
29073750
21142914
11817517
18854828
38997771
17559344
15544025
37500985
32969762
21487324
23277235
19846789
21545408
28692529
21156931
16543980
22455762
26125586
38778126
17226826
25001882
28002447
22378156
20978260
31423876
18204346
39564382
29488276
25082493
22831980
27380588
18075470
22981363
9605379
34783250
16935512
22725681
31066578
26449981
37810546
21029050
27937048
22052985
22676193
20441720
19531897
40239986
25828136
34158603
18680700
25558979
32468916
17112805
40080971
37151185
36172669
23026813
25834819
25224784
16855453
19802823
23898114
26659468
40623366
17434445
23374588
11866883
8986921
29264572
30106365
33841551
8807669
18580170
19036622
32498119
27898234
38992025
29298995
26790469
27432796
28184434
35880554
12844135
33043448
35316848
39523378
26490356
11186133
27035242
17306068
22053601
23635803
19858398
28951782
28044353
30648747
20035425
27864592
20136638
26959717
31755291
29504153
26637161
29967377
22371894
34520119
9543323
15499191
40029037
22415532
1136859
37098852
22954510
30569848
23241943
7554699
19142106
18330759
15917167
14653835
17417073
34716917
16315032
11791895
39011438
23981149
15249972
20339191
12657887
22527346
20403997
16493607
16004559
11763009
11756990
33285053
39068579
26003758
32733111
22188361
7259927
27940179
24602049
46571
34280009
22267851
10772204
26381711
30924126
28932614
38562167
22047493
40014467
24035255
20079160
20804372
38774208
40164603
25801567
34234136
25761838
21162657
27168101
15083071
18443790
14747421
19907421
18305455
21346780
23071495
23364775
21107315
21666065
20634689
36580335
12975335
34957551
26636496
37479763
18191112
38344867
11870684
19010874
9867757
15864113
20881953
26191232
28480228
20559522
12847678
27557342
22562609
19082882
28763429
24615047
27110128
34423496
31796940
24195946
20619611
20417680
21880792
29024493
25084205
17164697
8675169
40400080
12031626
12464799
16302021
21449675
30324302
17673491
28947383
21517810
28736028
17510208
37820941
23599738
38248103
33788417
28429387
24687830
8952600
16534507
27097346
10982760
27670765
20691935
23252721
28453395
15952098
31141989
38543282
31599092
9129563
19451862
17115111
35710824
23128882
37126018
17324111
22751958
30549211
27767438
25126975
31728800
11418378
30482948
26911666
27061230
11697464
39012380
19924111
23707372
32531309
17164591
29052349
39041443
40016980
21273624
23071293
18334103
37638833
36215918
18595682
21709633
27937053
10716719
31666976
18830133
24628014
27653892
21094797
19684573
23556336
38517706
26977146
28594837
32011683
23782005
1844820
36248867
21332314
24141364
18926547
27805836
21038076
20643483
30611854
26616266
17085664
19339912
30983502
30920410
16734940
27558924
39580429
22510778
30425908
24089074
38714384
20932673
20720517
23652408
23142150
27043475
8195181
38594174
38311638
22889968
22345656
26226939
39489878
26152742
26935927
35457347
40130908
16628701
17001295
23686330
20140004
27967318
34750329
26458301
23148286
21562465
37712142
25495409
21803869
22277678
30106258
21576632
40573287
17001296
10580024
40704440
26068069
25274942
25823784
24879639
26546620
22525200
24723432
38637522
17728214
23127338
16368820
39462036
16179085
12172211
25695485
38720595
35608144
28940218
11990381
27992285
12844136
8835706
27353638
35615896
33000414
23712329
23849431
19752885
18727619
25893704
751223
18268115
25645282
19644963
31260374
28030426
32149563
28651844
31490856
11543734
24967362
38004558
16763825
19916996
18455228
23799528
26307985
39101384
27661060
31846553
27714501
37045504
15322419
23692149
21449681
15861035
26928377
22013310
30256423
18719619
21228733
29066864
33741442
20200517
23159934
38269022
27023264
40371326
20979470
23933970
39576732
34545025
21801394
23077486
20471098
26067486
26635230
15864112
28639488
31624333
23279643
38258325
27193222
21383771
28186161
38821204
21723677
19494443
17611986
33350885
30815689
22293537
15694263
26071277
19274593
19381165
9630826
20373477
34877660
23238479
20200426
17391071
37114884
17008591
18823430
15790782
19414708
8689813
38293288
27967321
24118301
31087723
36630266
39669197
23375287
26829596
19786980
22875663
17582620
28659275
29577257
16168391
18408564
26189776
17234366
21830868
33589792
28762371
31346154
21969500
18421452
34635730
16249913
38584122
26877068
23891399
24695352
9164619
20179710
26335211
30720667
17715206
21975350
21915484
28992386
27858848
23510058
25504915
19455410
36572447
12222750
32308129
24744093
38253626
15961980
20456744
21692613
21121812
15940289
19530961
24660534
26474553
24098545
15809899
28605058
39159789
23314736
21537116
16979018
23481074
25618758
26655325
29160302
12142782
25999694
17534376
20048079
20452607
24448639
18424454
22740981
16697742
16258541
31792237
25872459
31324945
21114608
27981573
20592726
21086123
25110820
27336732
11037857
12709726
16609363
20017669
12123234
16104959
29650764
23337848
21490707
22703928
29382897
26083242
28769582
24128861
15044558
24729586
28628558
23280482
40549373
22547144
17404734
23289191
23159639
14656901
24252789
28976299
8033754
32365274
30061570
18322281
26265035
22357454
25177243
20376628
38584604
29731921
20479755
17178265
38424191
25090458
16821005
18827410
25921178
31124411
18240904
31849280
22143415
28395759
9429230
37521485
11710708
21892003
27729204
18602085
35705023
39619061
25594941
25389973
38297024
9713905
25312789
27883292
25258374
16732015
34480108
27527109
40971654
10823104
19891732
21790903
28389387
27498158
23665868
29053440
35776183
12421483
26902539
20723261
15742978
18192896
28045923
16272958
20136357
16920476
22189199
21151627
36708065
31160146
39492848
6021320
19841321
29443543
32264830
16581111
25239082
16815316
11682257
29914345
24921414
24088578
22285300
22457278
31699005
19071885
16415921
25621429
28696418
23691226
29117017
29871907
39338398
19052543
39327966
29239269
20456087
28639487
24090479
31969823
15385837
39733427
12651805
24018773
39240338
28139755
25998968
15203796
37719844
23601795
23481061
19628728
19193675
28950804
38044950
23588314
15652243
23179337
23999597
25049054
15452306
26704739
34489188
15743363
33277605
27500822
28212683
23640828
16284304
24238261
17414739
29967027
27046326
26590936
18394438
17700593
21047201
19195327
22307138
38661209
27864660
21128988
25974723
20505544
16863547
19300499
24956252
19281600
37765034
40437642
34320607
25012726
9511177
24690180
24433488
15033882
27604507
39771563
19290789
18775538
22050734
27896475
19581389
28377187
28290528
22045187
19450124
27348478
20631561
38945446
39078179
25060201
36131844
1669155
22388796
20040338
11222389
19545678
20860460
24089073
17215846
33131142
18836275
21428769
15743917
15618746
26024874
23240711
20812847
21692828
39300676
18162312
24595600
15879433
16985250
23426640
26202629
23995691
23057547
25246753
30983549
8004131
25846344
16595080
37906625
32736537
19692684
1655344
8946657
22500513
22010099
12886034
24019752
22594510
19842932
30870237
19915237
21173786
26071206
37443472
21505315
31144350
23970651
318493
22760226
17764479
19279561
17627617
16877740
15897572
26419366
19331489
15226675
31014225
37701253
31803800
16378601
39185906
37270865
21622719
15606441
15052272
39139076
22735389
22516052
16463153
28919802
26762380
29666375
29162334
22882994
36728273
27241063
19926050
23469684
25823783
27157822
19694795
24060820
39974498
25162219
29457840
18515891
16044105
15377847
30345879
28430710
18359183
40964095
18408565
28229376
26162609
32815870
20964522
21343546
15118351
21562485
26729753
11791898
11046127
32439433
23944300
1346258
27702941
10904024
22379997
30273369
19395173
10895986
19635985
36152308
22436571
24950369
22048466
38953340
34061827
23274376
28400155
16938300
40932864
22784880
31616045
28858994
27071970
24279851
36951964
28382498
19624462
17495880
32112986
25164601
40417235
26715213
17085680
25614447
20938465
20038723
29608462
21349573
22851411
21081473
23584701
23324805
17035598
23558838
25566896
23092981
20041908
25348609
15919447
24019055
15297419
26666748
12042667
26316040
22231565
26830973
38614858
22249484
21466653
9068770
32715442
21254157
40729427
6345013
7550368
18790089
20809084
28314991
19277427
16678543
19620936
10999944
21164499
12634980
18950464
30383575
8602662
18452396
11927842
12709367
35997001
19855097
21282829
21715435
35470713
16788380
23734829
21519338
16610939
31484910
18794727
25311385
32372697
17178268
23371966
17356468
16633140
27284701
18430057
40341591
30983501
26323212
31654273
15993855
14515062
37074725
27111237
17853254
24496695
26846104
18458567
16133961
20859245
25915935
26902034
24526611
19684603
25583994
25007187
19842931
36222113
38341456
15630486
21902502
37516818
23027855
39188942
16847664
40004467
24033383
19690618
21558457
25614061
23467860
12043950
33675323
38540107
24394199
20233181
28165634
25717246
30799725
19996755
28691890
14499311
25504632
10208650
24059494
15252821
12870705
25155931
37554438
22713701
40006034
39713544
23505228
30874608
19904007
37817654
24095246
17460029
27622933
34483924
18347182
15128701
28502040
17165084
37706370
21395650
38216550
31108563
21726252
24361844
29668752
11699614
24148610
19307503
9352573
19019667
19650939
10411572
21325291
26730167
37141338
28087463
29099333
38143640
27511999
29160300
23111421
27104815
16609362
20038727
23041303
12439220
22304580
17855192
40135234
24140730
26323598
21205314
40375591
22495427
31493434
26158282
37458772
29210323
40884146
37342387
26293616
25079360
28244807
24251363
36582532
19183167
28703131
19440701
16732084
18503405
31799914
25372592
26179145
23588332
26862009
27160388
38140040
17501853
12057035
18212314
14660992
19625999
12202670
9732415
18794105
9865912
23567489
26142345
23669020
27774364
30022682
25953735
15812265
35943164
32308125
25638254
23327576
15695296
23364847
29523524
25640739
26894931
18360915
29541744
29161757
38430457
28799976
37202871
26426352
21743374
16396707
21977987
19280158
38847697
19414633
32695297
18594531
19926672
26284539
9439663
21741447
26358256
33967795
16580898
28187506
22795689
8655150
16765146
16476706
28550450
21709081
37248824
18662264
37639712
21946895
20630084
16515395
23252716
15521904
20637200
28941036
23421954
10393963
23556337
4644297
37551646
18622257
20837591
27180197
29681852
20595278
16160068
27839692
4082245
36169235
24528196
27488176
20929549
23830818
15757620
18794724
19916993
18687167
23503455
39171626
11586955
25545243
9369411
11966680
19604081
9858029
16431304
18334914
20679960
25587129
26257249
12269967
26167726
21458191
22890915
20507294
20514076
23570466
15149890
18589174
22310591
28527222
37898586
28316087
38852760
21700758
26847243
29134491
27566582
36639636
11337943
12668988
15108991
1839129
15900215
23990957
23166513
21391884
18187595
17410198
18070221
21063236
40708595
21743379
34566424
11266078
27741037
27544765
27453700
17898344
24420746
20175818
31961981
28470102
16182270
22480177
23344581
40214721
19822698
36988399
18438841
18334918
9630825
28339166
23855716
15731591
16815314
27885697
39730940
28837897
9014200
26784512
35446233
23940523
23073467
38683649
29611886
39375343
23992748
15729180
16917943
12370763
30088221
28921760
25891233
17617792
35484400
16513877
40607100
25367448
18300939
30132178
24434920
34523245
38502357
24710034
22428763
7889656
7633940
25321336
24448396
19261446
25939711
37346013
34575187
21658141
37469869
30300922
16182121
27488389
25989180
24567120
36278195
39265714
19434072
16675000
23237922
25416559
16270629
38599185
21167658
25846845
10942177
25960145
24624911
30032160
19027114
36946317
28704257
23136901
31932420
11673755
36938952
23321318
17955230
20182420
31206155
38834682
29704867
28043905
31857620
38826804
23358500
26373210
22584460
30730287
38133857
38507115
25622599
30821933
25492374
22305490
25303299
22882391
22660440
24193112
19255940
19668019
24433481
12057029
22573495
20797314
29342288
33802237
18443548
21825083
23775025
37803948
39500567
26425837
36528349
30136624
25563748
26982740
16917677
26554440
24846673
20362026
19660010
16007002
27793583
25986028
23080225
31453770
17413111
30794329
40962832
19794411
19395426
29236753
27272046
1396201
20877297
26334898
23029095
9103485
22534499
18629445
17394430
22271297
9199552
37920809
15564880
17700595
20515869
10511062
28623449
28296334
20226083
30647443
29342418
28059867
38996572
17380590
23399569
17018806
15708967
38004402
30983508
20877301
17681105
26667830
22965830
19809024
21926427
21900886
29203276
37360210
39789135
23394127
28350251
40744310
30368523
17455109
19667267
22438096
28049954
29389842
39816293
8687424
24236484
38560574
18784265
22481606
28696414
27195527
21099121
28445187
28435308
34001841
20338069
20032820
35207713
36873097
35253216
11888582
17948872
23001453
21635144
27564227
26039043
23492908
18093943
17026773
29375701
21636554
30487649
30251062
16815313
16609067
29394111
19704415
25995169
26651826
20520804
38907686
38628775
26403473
26968424
25741997
19761367
24444405
24997317
38647526
21733227
38741591
26014925
40720122
8530011
18285546
16415111
14755216
20171168
31806881
21688171
24126707
20237460
26817948
27528039
16849011
20348146
12545140
16636344
21358751
39663186
27095468
24980784
29210332
29689130
25329996
28976288
2858743
26644205
26930544
22594507
30664875
31186542
31789429
40558232
21142918
34864618
38837984
26806518
18466100
27779245
38814968
26667829
27593608
25891840
38491961
11230366
33013391
18347611
20688905
40442974
26466344
28112584
25466363
9857976
22158331
20622033
25372290
38467432
27763679
16433808
26951882
32308134
16094537
37097441
14711599
31099054
28947469
10022755
35426132
25701374
4190560
15199031
18751689
28217400
20171873
20196170
26517138
21149285
40138446
26227094
8823231
17194903
31124962
22879993
27206238
15627041
26032235
23651021
24355007
20670920
23900887
12439223
24329191
24465778
39910453
27419077
27859023
8823235
21750471
19458626
38050720
19884907
17918089
10510155
36863950
20801498
24117666
20415561
19825159
33476460
29397568
26744986
14716707
31902949
20031608
23116553
17183730
23215888
19604090
38638799
14508387
40913328
28261910
10233212
39667604
38714580
25246386
19800676
19185566
23973251
15722458
12175731
25548683
22390861
28255319
17289397
30371861
16181985
28638221
16909270
22394315
29026840
26135562
21254158
19744011
17112810
12496751
24589909
29621122
34116533
24061445
21804810
39897119
21327909
26314341
27023328
29208668
24279859
25782327
18828808
12832683
21961091
37166316
23651028
23613831
33143542
16633156
21566507
23126384
16314886
38381003
24858023
32301865
25964295
25075423
30506673
14638340
12659
20925579
21590444
21449676
32265697
29344738
17047492
7964939
21245432
3301042
21266946
27381176
19783098
23150151
26307125
40469972
17317677
41011233
25556837
26083016
18685564
32452529
23149928
22500942
29953682
24361227
21480951
27296832
16214444
18245544
25041994
25872644
16299241
27247849
36143183
34541364
17015052
16815318
25410894
19904013
24816038
22124095
17721180
38369687
25602530
21327421
27139155
27020614
18256692
22535280
22749033
29104462
26224397
39171589
16402128
25560300
18727922
23797529
28391406
35147047
20548327
36983598
20022809
19047159
17654295
25850965
21828074
15470328
15118073
23327575
40564219
24038027
15094935
21084764
23590265
29991328
19361884
26699619
27007499
23942539
26926096
21498394
21902584
39798147
11926893
23132554
20555294
28673292
27031121
21168310
21048934
16321621
18785891
23628358
20970601
25615449
20352314
25521355
14973106
22030963
37811569
15729081
36408735
27439448
38775421
23438946
29662106
24699530
23763943
27143031
12059987
16772309
25155932
15764711
18528690
12895196
38934229
15542732
18518925
27314545
22940027
30420869
34665019
9415713
8101460
21186965
27261537
16490169
11503011
31250045
39148087
20837989
24143213
21632579
34295246
15007363
32483200
25155176
22092036
22228204
29935043
21174568
28418010
23856854
23290512
19576320
21121774
29136336
22212731
17329996
19204908
39652193
40840956
33977649
28640195
29189588
8941024
11767116
38232251
22700043
40900652
22612784
24236486
40146606
2915989
15614026
23281610
417891
22293084
23555300
39126072
36526722
21430647
24510746
23518928
10755579
23965986
27810523
19683391
19387626
29053759
17713466
16956694
19802360
15007373
27271184
26194362
28960269
27173875
34083506
23291588
25647612
26044067
21270790
38613561
25515134
29593529
40119746
37257181
18617639
23215884
39350313
17235330
20647221
39718059
20065266
33446525
24831655
27418594
29465008
26017071
15808586
12515735
29317847
28440343
19129747
37337448
23254426
2211621
36580432
22680342
29256966
20881950
40624839
27236640
21898657
19201048
26086150
23851570
40432883
25823782
27995989
25869015
39157928
30381583
10639689
31033190
28419121
21384511
24102823
22982650
39068558
38559593
33094665
22328925
28370399
9241659
37633306
23863317
27270784
24256307
18006781
20860462
31320226
30883264
38514707
16920564
39996891
21169036
24352002
11913730
27636246
18831695
24911354
19285054
18600531
31382864
37451842
16753003
36100194
29392141
27368038
31560202
17467808
29998006
37952358
26311225
23666583
21325430
33675325
30870275
40350722
26230641
38845014
19233181
37307170
25340733
23222202
17517247
24712521
38381330
15980104
22252093
12116270
21747589
23604100
9595868
39899439
8742444
10498402
29637588
16203769
16020596
28181240
21358750
39954223
17264302
26114223
23917080
29955115
26214065
15284538
21437990
27809336
17267622
27636122
28753467
29265379
18223460
32481444
18261733
24279416
21437611
25825013
10736278
23909491
10544257
40332508
15952058
18941913
21808285
29588096
38589850
34081644
33794950
25410890
15824464
37098851
40402555
19345712
23417334
20633187
40282412
30281924
39081053
21839244
15205592
21502555
27618250
25930089
21118735
16551910
11915035
39490424
20824505
24781308
26196596
25877345
40098302
30458875
26774659
34488071
15337646
39011784
25000516
23778320
22704413
28933337
23621569
30987408
21159314
25155930
22100668
24048425
10234617
29769267
26812186
28620303
25955730
19421167
19997080
18657677
18718676
36569923
27339827
38137494
16833023
27932669
26962983
30652301
19207028
9089660
23510446
20854418
15022030
7474246
40172663
24923815
20809970
40066084
15121491
38946467
36333412
9661139
26712426
27119769
40853585
9357389
24602923
38729849
17688403
18024866
22071378
27883323
24231473
23099118
11386497
27109434
21052032
37910437
16375862
19369910
37357724
27019981
24188272
28050888
21511217
25918016
33356548
17460606
19189210
19649213
29935595
9450902
33124517
28481785
11936707
29735966
25987243
31461080
25064769
33247397
16580768
15946211
26265231
25537528
23803057
29520081
30366640
26655481
24225276
23226031
21057703
29440178
28453396
30914949
22071118
32295690
20859243
16158080
21430269
38285330
35280252
41007658
20819434
21261619
17509004
32462699
28278081
11547828
28340122
9923584
39919950
29061081
26937172
24040476
21338443
25086907
12732846
11505219
19321411
37763120
36701157
17361120
23348161
37176129
25154506
30489455
38140786
16691038
31826071
18816295
14534525
36742186
19696793
17175164
18615004
21685174
24684392
21357676
30334692
22907731
39104238
27121899
28252572
22549502
25458099
33589790
29589488
38674407
36766510
40630969
16238680
21795085
37815926
25039301
23359804
27958380
22144180
27092952
27993963
28135763
39212958
12107620
22624833
22855348
20800921
18004210
26622455
22527345
30700996
5026380
9333104
40084918
21178986
24300029
23429358
24359476
24888881
10594793
38284409
9357098
5077447
26138512
19207032
12668920
12193783
12065557
30544975
18429967
27044681
23280790
24908438
16707601
20504240
24322003
21047300
29706892
20031235
40362483
15570195
14625131
12010835
12809821
21077799
19845430
34843922
36614097
37920361
16401468
19468717
27694910
26892777
38791422
16475872
15121303
21676164
24627569
22395644
12920080
19827168
24192118
33097827
29232328
31058459
9409631
26244421
14578760
12621390
26153084
17667581
37808344
15089809
28346059
27378793
22566560
15592325
38507296
25781442
39901718
25991051
38761068
25408262
32555152
7550367
21635147
26634478
33501733
34693928
31242253
20653674
22641026
17950035
12451290
18496682
40694104
38151046
18444945
37493972
19890249
23688605
39470346
19776292
34983973
20066004
28091702
21615537
25682022
20838448
40029062
34246203
17885551
19067682
23226070
32562552
20393454
12784098
21808284
23838604
22368681
32055583
21196316
19883154
36070248
35434830
8554938
26115084
26352872
30697902
29374517
19375170
23529007
40795341
21902503
25278709
40685563
24417206
20860465
24192302
16944116
38327217
21996196
34079337
20450993
26951757
19016765
18594024
40547816
27564568
21980041
20578254
25860945
27738808
27190009
24782221
18167504
37451410
14586389
21606948
23807564
23764426
22795047
30196760
24019753
23640974
22074251
29325448
28350522
37058477
28178031
26571237
18294333
23324806
39069949
24763183
12846892
16141802
33910375
30713339
24597986
19845952
30520341
26775563
11785712
17325736
38991024
18570163
22892446
18234403
37775332
31699831
19937159
19659438
19531981
14624403
30983500
39612420
24891132
25712185
24386571
25823787
27617219
24927344
25303293
34719653
28181117
23876492
37198710
28367681
23585145
27399166
7862671
36970128
39055374
37940651
19125240
11552922
10354134
40346857
29653637
29876232
22373943
24365989
26914831
23623526
29502940
38956524
28351962
22546611
38468199
12189368
21206424
25148434
11207035
17828532
34464454
27262824
32220422
26406933
12873589
23198157
19578179
25473543
36630849
17391324
24037119
16940139
20592455
37653272
22183771
26984978
18055561
18347610
17444323
15024131
38377518
4116253
40260602
15968882
19764934
24858363
10101295
11007831
11809184
27335128
36829258
25372392
25331073
37466123
28836054
27214033
37458617
31257615
39535282
25148458
27806998
7648764
23364483
21819368
30024814
11174059
15210166
26092968
28445188
18594050
37946254
18781852
14643574
34553372
27676404
37452859
35170024
21856096
11446878
18460585
23712427
24088130
24549002
19189212
19210659
34491372
25339146
12835738
39735668
1247492
23113310
21068649
24154666
11034591
29695967
18855529
32538291
25519826
16753004
19396436
25256070
16361630
37693312
21451505
24583629
22348435
12208565
28031227
25311995
20141248
22584459
12759288
12438554
22486528
11505224
11895907
25785276
17541557
25802725
23147717
26267044
35431360
16522833
22260295
34483679
8946471
24351870
26220844
23873118
32090339
36718008
15932363
20680652
22495174
18496125
38124280
28606620
23172109
27897269
25976223
19404631
28585035
22047557
20130569
28750087
19193628
17460608
15608594
36942299
23835420
27089937
19840783
38450253
18756910
40659880
30455395
24619498
16952345
34149005
37858371
21247998
23209099
30237584
20434452
38310750
38504095
12190096
19486190
17081152
25851472
11907712
17467803
11496364
17123473
16458854
19376484
18443386
23588952
22283902
29578580
16123758
38925553
31907389
37772804
40330700
15077009
11723016
21325141
25567217
29507678
19156168
16580900
32492095
35880550
24086514
26218592
23183958
40001447
36316809
38293439
39084859
3533565
16999998
4722683
38822495
26392368
20621700
19037197
20173735
28295243
29205204
17429313
25365528
24673480
22006096
11503014
26990694
40958617
29756345
22450926
39792745
25715171
30520759
23645042
11448278
16791115
9149697
15590749
34752647
25223561
37855290
22210424
15805193
37490620
29327948
29737521
39426598
11668218
35079845
22210422
37149714
22370858
28744905
19094200
28244805
28112181
27217047
23712614
9797795
37734262
27288795
40926693
11041319
28777242
10579557
38050015
18216723
34521259
40781498
15128047
26780210
26265036
26099996
26421491
38863977
34100292
22585284
23894347
12739761
26107645
24214141
32695278
11593098
11408373
9476037
1531951
15476481
11926892
22734028
9201806
28783044
28494448
22088980
22484315
39900827
21393610
27417511
19166419
39991907
19530960
18654768
26192892
17606812
21318593
17329852
17148776
18992346
19005277
40257143
18398970
25744662
17049586
29882324
24293093
16676068
39319218
34522797
15622315
39720462
27045425
10668847
30325262
32732498
18398952
12837457
33586456
21319286
12065207
18535201
39075611
19203783
23880023
25278896
22706623
26937673
25846690
32015456
29425227
11069321
29650774
26143528
25456329
19673941
25171759
27402691
24510702
21352267
21052022
18548238
40761554
22180457
39738991
24223155
30323313
15591715
17460607
21946898
18466099
23720091
31486738
30723321
12627468
18023090
24026091
17611564
30890141
16875718
40452016
19238649
28283692
37014323
23033116
11910301
23580071
30922102
8867869
33402148
30506689
10535882
23831869
25934581
35267552
33118660
10071185
21636598
15116054
30464555
37194923
27857962
34302046
30197492
23021822
37904484
18615156
18357466
28427087
18616518
17430486
32285752
34525346
12137804
28550460
15746444
28834922
15280927
24338217
14656880
27299708
29290749
21288052
31866536
38819581
7408395
22012226
26072396
19706762
28535629
21917426
15229462
26878724
26595166
28210634
23149126
10959796
26107754
31134657
10823405
18591461
28358842
20827233
21183746
28745577
11260227
19319511
22007612
28806186
15286066
22391769
28663312
35916133
30038671
21083385
30595243
29517409
29720126
23302985
32037159
29152138
24691060
19388002
21900837
22688219
24768758
27770449
31190621
14652703
23407047
17761971
39376610
26543771
11555601
40295977
8220423
17625515
23025739
25558980
38713940
10798786
26823971
20814157
24214410
19258929
16607077
17978999
27798726
19124658
15483356
8902717
20389235
17184645
23996099
21906289
26389554
25108775
26502740
17568575
11338173
21532277
39135792
16950614
39995492
20054294
17125969
9408809
16182272
22574741
17224915
21840870
19779319
19381876
20952418
39542691
15284535
22120873
34728519
37925536
16969362
24220096
17439508
23454283
34327766
24445991
40071563
21368754
23354298
22803597
38809397
17898703
39201627
24495780
9431830
15735607
26857783
23559402
38914966
25710119
22440088
29099344
29393157
31022310
26616742
14659971
25311255
23394390
27463022
22309416
27790938
21896912
37637419
37829781
23774940
40769841
25330300
23860526
21694509
22475488
18183038
24444407
23216707
40692597
25597548
12563176
15564877
20863444
22264780
32022294
28604225
37340713
30051214
32838647
18187806
12912815
23144877
37430149
11875364
24311107
17558310
22926595
28556555
11875366
17725248
40405401
16495778
27472837
27977332
35122707
30106255
36015253
35799642
20350136
22258364
20309015
26810136
24956244
29198060
23100173
11186138
21410976
38548381
26387812
10190648
20304699
28745575
17989061
23738951
32457604
38174147
18722008
21503919
14573314
15710002
32459054
22331829
24435759
26310775
22886152
18538445
21188787
23556445
23886675
21076384
25156213
22676192
32024416
6410650
39868839
16151913
24316028
26906307
18681781
24394202
19076153
29450233
20393862
27001118
28006928
22285168
40055599
19138248
12082591
25658497
17224704
18820594
16631290
29095108
21976485
20514079
19240053
21128989
9753421
11753271
19654083
26616421
20963329
16784736
26261165
24535487
18050121
20376629
22840423
32082176
38874073
29580174
21642870
26111152
25588294
15930419
11763000
34505535
30723315
19622037
9711875
21301380
29479633
19506579
20195289
23940630
22990223
29881439
15864115
25794200
15260906
21633320
22664477
12360107
16572443
19056598
19228618
26100253
26866747
39628313
21145801
39896937
28343093
37775333
21418140
16319918
22294058
18334919
19667110
17577039
25918017
28117133
21671989
30071039
25420659
34350628
22490566
32500578
23603345
24743543
16338275
28409297
24481458
25979262
21633340
21383334
10880412
22172097
21430657
17023870
28358139
21814190
15500895
26176181
30969062
22875622
20801494
18580877
29285995
25649181
21503910
23859574
15973722
15091312
19023160
34693929
11668219
12608943
30898145
21362378
21491142
35110472
29263648
23985325
27143689
17502774
17931083
20348464
20831907
26727275
24703164
27116457
28570299
27599351
26915813
36890711
38287944
9323575
15358623
36571802
28622951
25730082
27289271
20838391
19862937
25999707
26445138
36764694
38262522
15855489
27918244
37460702
15797993
23252946
20389299
33799050
29377228
28430711
16439441
27377607
10611371
19638460
28358597
31401974
26653034
27417418
37688505
23903772
25175362
18987654
38797695
17900275
38002088
9109770
31648372
38765922
23842101
23433505
26325438
15505641
12876643
21692745
27804107
12656699
21263010
23736108
40851704
37761008
21673069
22951632
34616002
16890579
40598106
29610831
40315028
40983806
26339796
22016628
17723226
35157101
23087401
16501586
40156608
37408649
17176368
15057820
30971809
33386398
25705565
27187662
18346178
10505591
28625123
36853844
10509530
29095089
18182069
36768629
16236141
11270921
30250148
22045970
40261922
39800197
23651024
26536870
38126330
24322329
24217698
33768542
12371972
14614357
7438695
11240980
19225451
28696415
17189961
40328918
26856709
17373729
28033245
26774055
32073889
15564883
16822847
23230131
11160862
38441233
18717915
12825092
29196725
26151596
32893731
19394386
29474345
40936106
24815731
26151496
12464801
18075464
26870959
18483375
32158254
21640195
3495027
26239729
22927450
34320604
26911349
19860800
10223777
10877013
17585213
36581799
12453860
28838926
24648345
38238103
19606452
23097010
17032130
10692979
21147013
23510626
15467211
21216202
21886016
26652611
28972045
20724655
38669362
26714287
25049040
16467099
24215845
27711230
37344179
17329997
24533444
23257377
22551036
12173784
24728385
23588310
25753936
18855533
16611750
22695756
40055373
27142945
30367352
32923881
24122840
23204795
34075782
27567841
11849656
18992959
30100615
36817304
10200020
16501005
21939494
26861072
39870079
40547509
7471604
31549442
19077919
28004016
15208046
16890574
17700361
15502717
21677300
21921847
27566695
22453232
32432768
21811894
29534310
25240575
30562214
20436376
38686795
19270263
9918131
27225724
39628091
18713756
15226673
40873551
15115913
22725663
11191886
19482054
29333880
30661239
23677058
15918040
27546373
25894154
10751073
26794347
21038416
19376366
20732371
16423440
24384557
33454797
38992477
20346718
34967559
32433338
24874929
33851947
39934320
36297437
20212518
17803873
28340402
31041874
10190398
25823785
24727325
22668755
40883875
15888487
8563771
40740505
18544707
17597712
25264897
12012142
24024896
20513247
10208643
18250228
24300566
28448657
29894392
23059146
22761669
18253134
17439512
15739035
24601977
11250978
20872712
20845077
39063918
21510767
23146479
16013960
20204365
22310352
17848752
25055799
12844134
19749758
39954158
26573281
31806882
38443268
12095536
22581822
25493569
23649425
39468242
39617342
26632884
19590397
28245187
37420302
21097692
18215618
22967772
24018103
18637831
22920394
26335396
23619509
28481884
24024018
29743634
23859572
26334272
32731218
20530222
32162598
19371316
15349717
36851891
31402126
23441093
36681895
24828442
38071464
37940132
25515945
18347181
23277250
25493567
19858760
21993215
20223877
23207012
26809022
39586937
38878906
17989996
21277709
23288236
39928707
20216107
10471060
22986918
30672383
27284960
34529545
37891021
26244574
20224667
12429347
19682603
38142723
23580812
25495407
22664479
39182670
22462752
18386806
29791011
39643544
24052064
29018032
20235791
23272163
19238117
29844858
38790220
15976989
18662289
35453646
19713311
20643254
22406652
22044939
16912157
16699986
25141893
40625301
29629814
31854260
9039999
23323945
27217051
28207573
25918834
26319500
33135175
12185559
16116691
17521963
20665488
23609393
22520065
28814798
30237583
29236941
17827141
16002074
10888602
35335997
40848094
16704656
17197830
18574025
19450125
8422746
22760354
15447734
28931220
37739311
18971529
15001971
21233402
39846525
9951426
38098143
32302325
20220551
33805706
21902501
34380996
19106083
17725594
12411325
35997042
9520251
19065121
28664816
25042728
25647819
21739446
21725053
17011540
25279405
23842856
15784113
23936393
38195522
22237259
28687963
26780783
34412101
17261659
38369951
18559695
22940005
12640212
31257122
38198369
9014204
27987364
28930490
9510461
29938344
22158445
16172412
17588543
26024717
29925895
18713495
11380317
35697190
1531950
40237651
26658169
25712187
36744646
39457109
36226442
26437921
24820765
23859569
16842817
28373444
26049408
18728241
15167702
20637204
19112496
22190063
9315872
24655974
24269714
25305458
23278282
38203360
23746184
33731884
40901525
19319668
26524713
19205754
22641027
17341440
23666564
29252193
16722833
27457817
24566734
26415694
21366650
25560051
12237752
23263737
15936011
22053728
19593158
25565674
17653141
19755656
24350812
22850190
22292851
9486974
18403122
25229170
40281622
18397238
32004414
26177012
18425130
28347333
40695081
22925276
21157362
26191294
18458677
24498053
26856247
22929815
26696550
19801957
12075750
20038957
24681964
26663398
20523342
26445541
22901319
23376925
19289736
21576462
36806969
35259926
22726630
38059315
28727815
20383528
19133059
19875892
18004205
25179995
26518946
23963862
9111378
17473846
25521356
12042669
21981797
29117640
34874743
20468063
17986163
21029375
16906016
33378980
15790597
24475091
18618000
10490697
38840095
28786228
23963056
39569219
12663600
29790402
27450232
32472697
40512603
11753272
25287681
31769341
27334259
26996562
37454061
40711648
18597649
16402083
20694283
7617034
26004431
17112811
18222353
19022938
36278153
21698374
24353446
23920449
19463375
38019119
31664190
22947179
12969965
21163112
8287064
29731062
17148966
17541984
17699831
23490763
40206080
20107201
27104192
38889451
24535486
21788965
17563839
24024895
26857335
35034348
39152554
15864131
34789453
19596663
7845481
26763541
38752093
25685741
34751173
37289314
27377818
24104197
12694072
24145522
25778466
17652833
32778670
24308755
20714149
38709992
15138244
38776596
16034444
30450628
37702085
34629890
21397523
38576571
24522145
29102571
36621146
38186087
25411163
30366777
29748862
12059893
21453355
19752882
38312123
15778422
23730840
19617466
24402637
10233211
38928254
24072198
18303965
23131881
25008867
22920393
23648444
20833655
16952495
21112660
37709837
11027924
15122075
40470653
39898620
40761401
29525816
23305195
34096894
40712111
41001332
21628721
29369421
40869181
26927285
38654529
19695401
26184414
23975735
38918659
27740732
12629505
15083067
25141953
19696695
25210463
26630680
30431653
9179433
27409003
39752799
39237024
21806386
18247058
18687376
24367041
27441116
39505105
37273173
40748991
29992026
18382661
24122716
12124989
1960624
27482244
15731589
23400848
25712182
20877299
23557867
19177029
30289819
19785625
38994198
25798622
16595916
29279557
22383676
37641689
26558451
14641996
35710811
10683861
18294285
25485598
26106580
28371569
18794726
40977108
27767389
24236482
39868802
38723157
24205831
1988236
16604300
25774163
21095016
25755212
22818943
25868121
10975602
26603945
3816019
29975559
23632726
25796495
24312228
28346387
16386926
22428615
18781853
28763744
23922954
21037509
23674605
27800629
18305461
23546553
15086512
20838991
17256449
27893182
10700782
23422377
39068057
22528326
20168265
28611235
27413118
24513691
22335459
22046326
34531744
17387222
21109570
38435941
11668216
26438033
25589620
36708557
24477223
29306656
36246675
39522115
24241962
28711222
23619510
17483490
15093672
20194480
30817003
38685044
19500084
25430046
22389859
25963335
20669013
30992538
25026457
39799793
19663669
23459444
18188716
26122864
26237184
18300238
24268988
33675324
25495411
30318772
22486182
23100282
40128086
24836205
9352580
24120259
28469811
22383668
22948856
23751603
26876947
38610733
8897013
11823761
25554506
14515060
32723321
34656068
22485222
38736573
33649516
19365401
19000940
16153401
16493486
38676765
38179710
23991193
28063968
38279097
17596133
27299748
12209976
21521023
26607661
17473847
24442125
37345090
38525959
20444752
18521091
37574146
18467186
14635116
18618621
22418828
24581091
17555717
990860
23952191
33512723
16198655
19018719
25534433
15073101
34672687
39441506
27382939
28750137
21079520
22491017
22368149
37530244
27758888
33622083
23188068
18836089
26405151
20472929
37552102
35538637
24577123
40526606
8841196
26514968
17851566
12576843
24081349
26745768
21691803
18047755
25239277
21911885
18576903
22871995
21346624
21111021
20590588
30166422
19756153
15044381
29804290
14583682
24637499
19020788
24080498
33124499
23437966
16782057
38215018
21903774
17339868
29043387
29925376
38379183
15570193
22736425
20886544
18511948
30013178
39410605
21359536
23400009
22249355
37125403
22661571
28272475
20819423
31406237
28222112
28952408
23360626
16740595
39717930
7935325
19564049
23783165
10824636
22868256
21931540
27179628
22630058
24911663
18330458
17400324
29239905
20165956
26503813
20708365
17667959
39092502
17611010
16115930
23065688
25966085
11278503
39407134
20640435
21826087
22427735
17207095
29478698
19706858
19669737
16130010
38004528
24192531
29229354
27385990
26450467
16478753
25047911
38200532
19893579
24633560
21239504
23431434
23183491
36942908
37851084
40109622
38994750
17568401
21502966
25992810
26774523
18600527
22472784
21396799
29878980
20003118
25897911
10022751
25495410
22808112
20078613
27738344
39091267
25564374
2741190
22906516
38809387
12172336
38547757
34871222
25425682
21479500
21735164
22942289
22765258
29852030
24433464
33141308
38285784
28886044
5091568
17559346
29947950
15947090
20383212
23052413
23382909
28923870
19361869
25714001
31513279
22935916
29497164
27045730
28594304
40613206
24521642
16911688
20368718
30088438
16246623
20051929
28379874
22901187
30035323
32848803
40774024
11757641
26265346
21321200
24612202
38237612
25958342
23362284
32331352
27624150
40223939
24516079
39639188
34911343
19159907
17602083
26632391
22266406
38261467
18693052
22170007
17563401
11477075
21747585
37702380
29178257
30840592
29233746
16081343
37143396
17698299
28938556
32787509
29442027
25014506
15448513
17245331
38372728
25171760
21145803
36714653
24637943
23095111
17667796
33649522
21543662
36250837
25203737
40207808
38506312
12742999
24911077
29273767
14760488
21383338
28745576
11933204
27122156
23656803
29107709
27464309
24663076
31090166
20526235
30684021
23135803
24917585
10652619
37682427
23602689
19386276
32874001
29095107
25115434
33858192
31829834
17244352
24762860
25713999
21248300
21150856
40050768
32173028
31068094
20235788
17001291
12411786
24070809
17686225
35394133
25127363
37596839
17510308
23208322
22379998
22030266
24096969
27021566
21831410
29875668
20803296
17602053
38451034
20084518
36622792
21919605
8803381
38377522
20615525
15677700
11394901
22075549
17049058
12359989
24470002
35322580
18325643
25344452
37708952
26109805
21972404
28914344
33089397
26222310
21071176
18485328
40785054
10340923
27110018
15970794
23859570
40335484
21205745
23476897
38380703
17637808
21689142
18641553
25002132
28614221
26010901
23407050
39344086
27160424
40313598
22664480
10850391
28380657
15900015
12425480
8285309
22471906
25738571
22015057
27649261
9797796
23221997
37686266
24718721
27052278
25735680
28453780
23932037
18323861
11668625
16960700
28858992
27023460
39858006
23778325
16418702
30651574
29100455
23930675
25427841
24875272
12914549
17329985
40152645
18769365
16580902
25141896
8828983
16961627
37786472
21589866
30421550
21145807
25232828
19946932
37824400
25410892
31588879
19724244
21747410
27611887
37248698
23753411
19034036
15213713
20970119
28088792
26898617
28732143
26133777
21338649
10831022
31486736
22083166
28696419
25850964
26967565
30831507
37639651
26863581
17121937
38156857
27388292
26063633
25472448
19641488
11779172
15715938
24732178
21806385
25829401
31792371
17178264
20593505
38682317
12960748
38298191
20415563
26407542
29399716
23922007
20978259
24643204
23083021
28139840
22231567
19387461
7586928
18854776
21918510
28694205
24858579
29661620
20673984
38057822
24224579
22796099
20833658
20441246
19272758
24088113
26250343
24013576
10636265
25775161
11829201
21637541
19773541
26033531
24308720
16542858
37794799
34160285
38747453
22909202
26876050
25515069
23257391
19907160
17693647
28115488
20029384
27520898
26320194
19302829
27020477
28833323
21860339
24329190
1451721
35456416
15864119
38835350
26652007
25582575
14514498
28796378
40655132
24898899
29441922
20662624
16611310
17548750
25355835
36526723
22798433
21083596
15692831
1138591
24189425
23873119
22527101
10803677
26705892
16720636
22566498
23335901
19784640
34170561
22775532
7903454
23240771
25722197
39197748
40554316
36952646
26608082
40114953
26287941
20650435
26133776
21824325
38706338
26770526
36055212
23099353
22441531
21887680
11207233
24165757
19164093
23249876
29703846
37924126
29691732
21989078
26670100
26398624
37914023
19093297
26580670
8823236
7640151
20577141
21451508
28261382
18981009
27082580
27663056
20712527
35205374
27660918
16871067
34511391
21426546
15726636
36162369
39380207
26115082
19429471
28084903
12968986
20841522
20454926
19676097
24061200
31720756
29210335
37397079
26125934
17541852
19048245
18349398
18368507
26061659
23771192
19473056
18812236
33190395
18703939
21195460
33058932
29781049
20683446
38469410
17196743
9254861
40526024
25967538
22534871
37857778
11721885
21912424
24809448
38616723
20399780
34407866
24748394
22006095
19515727
26871639
10510154
19259653
24034787
21047205
27027531
25816720
28857441
28347776
38497131
37868740
23837476
32893730
20473659
32106141
27548009
28493308
27251229
21261721
23147557
20416460
20682687
21068134
35311356
22324425
17925385
26331942
24029542
38254988
37850738
28592186
18292785
26804652
14662702
32423989
14520122
16041243
14726986
18520597
27845419
26535588
40657553
8648264
28117434
39564784
15197523
16355344
23982262
19679631
25938071
20853551
25417047
10027340
28087700
29469606
31744222
19151602
27749688
19952982
26902643
24700034
25558073
21317582
23104259
14570538
34515605
10643148
26307969
12082589
23503447
30457672
28676933
15655011
26104483
30723313
16115929
16204011
26780085
11840318
36662574
26916827
18551043
16732128
28548579
26660002
28871191
24595012
19474465
29325225
28171547
21987611
12811367
16638956
37156394
10774639
9585799
30520769
37674160
40964718
20826260
38009933
22071881
15483195
24682508
26623049
26129906
32088688
26313487
17496726
12881446
14735111
10612851
25860557
22329723
27426203
12920202
19365400
17376224
38158593
16513443
29318930
29555325
19733552
30604050
34175889
16003289
37306344
40732356
16879459
23787247
11823760
39727500
33944612
34149004
12919186
17387701
24704384
26751406
22417933
21121776
29036176
25048416
32602170
11692084
15861039
40297930
10653220
27099220
38060335
20358205
28719598
16912957
23313934
16207256
20931559
19467705
34583027
16719544
26265235
29315502
32888428
39025933
11553045
10097181
24815493
26666695
29135906
34423897
24533707
31482508
19800133
31745289
29610167
18574320
15668854
12439227
26378035
15565110
22274142
37947089
19104471
25932441
36725456
40788345
25446771
25748439
7762556
24776844
25789467
26249541
15037869
24576527
36877088
9420339
37863485
37656138
18250251
23970434
35187976
22686296
19374892
19552744
18784455
19822137
2231320
20040334
21933224
24521109
25805645
19969374
28614820
38580665
19743889
21348951
40766322
16462575
1774074
16818689
30371142
31114289
11156391
17632216
27780742
23959273
38097396
22101623
21262916
37760947
22926161
29478026
20831535
9587740
17519421
17767146
34585840
17439540
22348415
16202677
37611146
33887993
25778465
33846298
32401749
29126871
30242287
23277397
23859571
17092969
25487141
35763385
27756942
29148033
37203300
27500523
22682551
18174457
26928270
26132489
22688218
24066763
31362332
24014145
24820767
16870553
26111150
17110455
26067485
21374656
39048464
19274060
33262574
23609395
40413606
23263912
21392617
25155934
15625333
17015055
26237429
33203295
27812499
29920880
37269349
30221791
37498067
24126681
12610741
28447211
17404720
20421126
31837295
31401678
26503818
28418009
30745309
17361124
21769110
16958828
33548906
29222992
21826085
31649299
8988068
26223945
20125120
24232129
9472650
26282401
28030534
11505220
18664620
37531661
17000685
23324807
19020143
37511720
21455645
38076663
28685218
40939752
22760553
18279474
23095326
1546384
20664489
23233654
40670336
16595597
38518393
39143423
36186466
12507820
24125101
17999439
31624332
38848263
3571939
39038621
19474787
25740917
25813999
19289993
21102498
32080354
27485537
26453102
25244877
36145636
29098786
30704436
25327504
15201141
19934793
12485958
25899558
27835909
23328091
30704156
25916518
35081606
27163851
27439447
18834373
30984031
20007405
33118454
23570467
24706503
37503628
21628662
35606478
31967515
17606663
17286537
24755914
23990505
38321419
38287884
16847428
23543259
20307661
18677622
22158446
11692083
12919180
22405131
28145050
26565076
39253879
19018870
39604537
7284051
22718623
27670766
23296156
27400856
22111602
11673748
17361129
21512411
37340142
26262902
29873816
8181196
31393228
1415224
28986606
11063719
21764527
20833980
40863448
27745802
40995240
32504053
25091503
25266159
31350855
17265061
24868171
20504252
27397648
25852275
28745555
37929021
21832968
23989394
11954942
37408475
19818381
25410891
22590580
15274037
19628476
18759349
10999835
23402725
31901240
17913323
24658827
23993903
40047317
19343327
37099271
19863340
17671401
22398969
21991891
37509727
25832119
29285751
9689128
22871975
25303298
22950382
38906700
17047484
27911795
31444512
23517020
8806248
33230203
29259946
40529360
26927288
24856643
1354642
27587472
27454530
28290770
27885915
18540691
15126005
24117654
12811365
17872605
14653957
25896535
19148563
19135231
10460069
19749757
22024001
19387424
21783417
39080918
24345815
15603879
24727911
37755681
18551042
24709712
39580648
21342230
30075559
36166946
18485500
21995462
20565459
39658609
23884208
26030142
20959500
34648813
40644802
20577119
12522467
26803611
20573926
22941809
16642436
9164419
12728288
24322002
28488026
19603545
40755048
26019129
27533851
30653751
33722066
26847054
22016816
27469576
1505152
15475735
40582371
22370314
21127708
22117530
20488759
21388237
38580563
23223006
21320153
23730990
40511772
16876132
27977335
39477313
11156223
18537939
26994242
24724887
20216337
19874474
15590403
33608664
39492517
38980270
22992578
27403931
40867022
22863269
26232156
20195292
22555810
27676277
21474982
14707031
16769590
8612387
18281305
22735459
36239106
4386139
23633119
26401760
31607718
12975461
27001120
39204422
17609683
21326313
32378051
12623934
37569738
23571513
21387541
19247217
21961651
17702092
18473752
14647408
26010205
15970795
21174619
22353294
23628510
31869433
20574415
23057546
39339159
32095466
24378577
31649263
29273968
23574377
17341693
23213055
23090703
21127421
27415606
16380089
24019397
20479955
20520601
16538176
38131213
20562211
24703092
29250329
18214456
26180834
26781925
31653973
16962929
15150618
25406899
15632378
25096692
23462807
25303300
27564082
24223824
23332809
28692418
21940774
33676010
14652237
19835846
27911294
8681489
21902500
26555147
9138151
40178659
8414970
8971426
22004471
39998449
23651026
17106442
23173844
26888075
11595402
24842074
30207196
26810137
24927955
16044099
23857836
24752311
11522434
26070913
9713906
32802391
34346513
21326246
25493568
28786423
19362955
39714624
22017528
36305091
23930673
18839779
27248474
29607533
22064666
20127091
29018343
25469868
12814461
26343256
24706167
20602621
19795123
16249645
23353631
24302953
39829075
17686967
16875663
27590272
18451141
19297519
26961113
5345938
24533708
37212851
12893985
11048840
14998425
11434505
23473641
25850030
28383355
14985404
22992768
14700505
21842338
19682195
38678107
17914325
20143052
17696202
8012359
20712529
32519344
21204807
26807589
32324284
38579568
25250564
34834450
26882121
31058715
24280104
39272186
40910489
36193736
26792136
21739267
39240730
23974086
23486871
11037806
30479191
34816768
16392089
39071983
37542618
15226090
15233837
23953100
24973281
15565299
29535109
27897268
3621781
15687340
17622941
10484775
25322286
27020167
23267855
33750887
21185752
26521259
22147445
32559325
40916919
27802415
38884784
22341855
19770842
38596098
12580987
23435876
15180166
21385923
30806694
24461666
19636336
16906017
20855458
19259652
39508042
22706620
25948472
16844790
20849243
27878474
24533712
17431185
28525903
17503984
28844589
20826553
38385986
15650881
19030785
27060151
36484758
12544511
29504692
18195716
23894093
23776391
26906009
39390741
19371317
20072124
40974473
10774635
35364012
28560854
25395315
27977334
25616159
28470111
28435225
17416470
27422302
38958362
12411788
33961299
28601971
8562390
2222133
22471336
26968770
25096645
25393304
27749787
23582453
34525956
27484880
16084854
26324139
21505298
29603629
18452418
29432897
27666425
31025317
30728528
18537153
31058543
21985811
24299220
19095219
15840736
18797858
25348619
22108237
21223952
12920168
16912956
24551111
37882999
17324110
32562573
18285551
15860653
30304062
22462821
28624888
15666332
24107927
21851254
24624914
25889207
26098993
24528284
19513315
19364831
39465171
40816377
23392654
9334205
21930396
39528547
22106207
21844885
15168101
38629502
23142377
18983505
21878834
23061746
25069475
34476566
29230023
37550838
22845549
34582038
17015053
17495879
23377640
19299322
25069034
39704240
24842639
28540692
32407152
32920985
18294295
20118554
19605407
11755554
30908574
37078251
26566055
20308917
37534663
25897834
12037390
25111199
23944767
26387494
40430876
25143324
26905411
24322967
26944100
25025989
24970932
12404686
8941025
39030549
34380995
25730298
17008819
25823661
15903128
40968602
17453063
28135054
25931799
38720807
17564651
39768746
34629889
18030307
30661084
25499099
20620727
17030231
15728438
31721892
24470513
37458773
21072201
30989645
30260084
27416873
15520364
24399721
10671908
18779360
18713907
21047200
20847308
8659683
37439175
16679388
29723426
21561445
26792652
18496129
28627804
21436775
29341245
37695751
21916909
8093319
28812116
38794124
19891552
21965348
27698403
18398146
12844137
19219602
39060355
38999967
27514956
31686588
25042870
20924183
29683977
21495045
14597963
19545554
12374640
12492608
8747407
23305245
15183620
22174377
14687173
23247396
26367500
15707415
22960943
23757361
18539621
28462920
25637052
26164721
21602569
23692359
21355884
9433390
24369049
25102313
33205280
10096261
29923122
15861037
11434512
37221222
11493496
32795354
26847964
22147369
23384627
32461665
36038616
21209234
23778326
22592207
19373123
27339126
37146669
19207018
15525999
20814331
32152934
28358908
33759847
16583408
24681963
15132136
23736090
15857428
39703399
24725652
34504302
11240974
37438870
1510267
20116071
20877298
16129989
29790415
37101315
25823786
40779463
26544071
35335877
23555934
21928084
32070304
17554244
21806387
21269061
35237305
15555598
26745506
29282364
19205682
22723326
40296506
39009080
37138020
28376280
23361102
17529887
29415147
28461697
9562213
25147095
26990259
25817604
12069454
23132553
28157649
11417443
18997459
19841060
33462346
16669849
23426382
25217962
40381142
29914302
29843110
25858232
39539273
35469450
24599932
36503926
16146556
38000475
17457342
15024534
9950117
19593168
37715926
19617864
40157325
22676194
31507424
29615122
17355169
25869250
38769303
11054774
9272410
17226852
31342800
25385345
24123600
18946804
24332148
21246582
38693155
18806696
26856397
15554460
19968402
21892778
31441067
17020982
38680001
31666714
31124414
12799093
22577108
32208328
29705271
19825907
5897424
28072888
36718958
9829356
16433794
34231053
22506592
20125119
14695703
19145769
27846195
40744734
40699872
9284848
20390257
22911785
12852830
25769357
18561168
21745312
31220337
29427770
38203276
26521987
16267764
29667742
26568242
19077664
9918138
20089352
23609392
18308786
25950190
23328581
28685396
27456824
27503580
20736995
26433837
28696411
39147616
24113216
18322994
23371894
20861217
22281720
29620434
21072155
19818876
9726242
10661905
23386248
39979195
25356900
26189437
38085693
38674283
32496628
27266721
15694942
9869506
25714003
24134200
31316169
24996381
19031075
28750151
29234073
23275066
18957472
30020015
17108811
23962907
39754510
19218571
16543290
27578295
15148588
28121959
17473659
25040563
23846872
21094796
22838950
24974847
19057513
19384171
24469018
10206083
9049581
40290439
35214132
15265511
29999516
24953421
22735900
27747372
16835904
24126708
27846189
19898263
38482263
19482438
24739669
25798582
19841156
23592691
35279143
16331627
17909004
18347005
11208681
18542840
28068779
26408409
20031582
38041757
27574448
17704420
15548849
33024248
31337162
24642735
21233271
37734636
29998574
28401703
19648156
20078617
16417409
24929144
10352931
20739906
22310353
32561311
27348249
11222464
22028352
9918137
27281183
16220110
23612435
12325023
17803810
40930831
30191766
11824767
36577124
24138531
27549341
15708009
21280081
28403410
33336447
25673014
29080719
23996211
15634941
11997281
17323057
38669948
24108193
9103127
24702251
29210328
16788378
16338280
18385739
21150907
11372592
26799664
25937240
12359646
39314259
21430602
21857094
23629159
28247033
9653159
10459913
26083990
39913956
2019023
23723360
18180754
19193342
26461463
18989660
18241283
11937185
28753643
9931346
28160554
21946896
30306637
38357508
21692664
18256392
22948895
19704172
22947533
36258237
6018337
38221808
22492761
26810133
21599570
24418943
26362473
24359841
26618658
20138334
39215891
11054089
18596266
26332828
24062210
20530282
21989330
29755652
21121773
26071337
19057127
33850298
15100686
25187485
19142101
23780963
17228018
8451774
22020825
30428594
28289867
21535061
30520338
27888155
25303294
26282453
27096250
17178266
27096233
39796117
22122271
38554336
38640718
40362292
20840187
17548664
27991849
35455734
40159410
25701109
26232141
16955413
9490575
11037801
24465960
38859656
21652606
35174070
35527244
23844038
21831685
25350695
23150149
23490377
33410339
30628914
19902562
29472872
21711429
24656015
19357842
22429379
15898979
22179955
16758348
20638924
14745298
15569990
28182634
30031856
25171465
34954768
23930676
15914676
20133509
25825958
21625252
21860550
37449247
3769385
29459008
37272562
40099566
38172377
22629463
34959317
27632229
25054431
37318060
15282200
20709156
18021981
9435198
36277691
22162992
21513075
15773232
25673568
39367653
30848065
24407380
15226679
21628669
30270535
23548653
27799217
24382596
38421437
26967570
27356304
22158333
28330783
19286758
23816762
18577829
19842935
26880915
18509327
40369478
17434921
31870219
26456622
27681143
26366802
25428396
30094551
26049585
23756537
22022402
25652102
22158330
25950378
16998491
38676936
17146470
22256867
36818341
26777610
40560810
15722487
25647677
16458487
27355804
26049584
12360109
25051018
23371292
39065653
21287524
27139004
19390945
25501988
22026922
29054760
33410778
22366774
20157331
27180831
20847201
20175817
21075428
14624186
26681084
14681830
22569203
21534867
16493479
21392722
21635146
22792082
17339526
37047546
19696792
18854753
29536505
38927668
24024898
26739304
23508266
21931346
24763934
24305170
29738412
9399616
16385453
30700073
40573298
15367050
36350097
21334226
24817302
26360703
26153442
26804235
21480817
9069453
21332319
21428768
11672906
30188374
23470885
40268505
18334920
20128861
26830411
28036387
26458485
29352482
24729984
21749219
39382000
23252947
23190413
20587336
21280267
26348712
20886236
40672687
17370067
33915198
9177237
20622880
22339449
12915598
36727491
36394174
32316326
27233747
18698229
29601950
22183189
23007012
21241071
25298588
29546524
17064846
32813313
37976989
29207898
17339877
16631122
31610221
22990067
22192668
39005567
26975227
6488689
19672597
18221820
19891553
40154787
30767719
18306019
15861036
17409936
12220451
25611810
26556041
38963454
21994515
34747637
21174621
21606533
21782804
20653676
28302415
23318993
23007311
26491254
3356084
34025422
18317231
36309848
36245555
27995340
27507617
19057372
25500252
39540781
11882573
21781652
11311507
24978393
21151198
30739312
22571356
25698453
25712887
10434486
35815036
36917731
16645157
23315321
40048458
27150640
25056761
26903268
18690342
34476898
27977511
20681998
11994059
20938339
15229460
22801493
37576811
11699055
33150478
16163667
23859573
16082688
28395758
9322235
15526248
29781872
25521358
11854152
37551775
17016522
27091189
38497347
25008027
30191759
23665933
18349424
34369425
22625877
12893130
29121268
22310351
32587261
31192912
38707740
24033692
21110013
21244392
22027652
27396837
25907378
28244604
37456358
34512354
26222057
26710337
19919814
22480748
21862974
24080640
16424824
15933261
22824134
18309947
17456829
22296034
12476327
35971863
34568359
29242847
29547545
26924289
27043265
14521618
26191484
18261986
31557306
21110192
6432120
17367411
23755828
32077582
31461081
28378058
11146763
20510210
28476759
12422998
38315168
38270743
21987091
25882300
20002085
28992563
12181437
25215437
26376374
7159207
20335017
31595439
33393779
21386754
26739746
22015088
31792367
28099407
37591782
22176616
26254792
17058217
28945481
24919870
20375926
18222355
28678049
20560679
3335642
24077935
17329992
19663817
23686699
27546928
38886107
23658070
25285015
25303297
36798219
40316617
27016952
11575529
22541248
21956618
18544910
29061086
25994031
24624910
8220422
33452682
20126830
26590194
27610747
20492469
27199033
25937796
21790926
39115847
16433869
37042794
20665215
26232682
19891551
19448967
23714690
40983154
38313794
33929895
19247266
40248396
31043678
28324194
15792824
23733010
23267857
20887379
26216193
25793413
15522280
18502356
26419450
38476095
40341589
39723111
40001258
10633132
19480553
23953533
36773010
12610044
26488616
26766959
35102242
28885988
27524899
40564659
29326107
20833111
23526481
12419790
26833182
10523341
10471072
17343250
29177954
24915025
21799461
25665007
25710658
39356102
14553962
12662378
23089673
17105675
25551397
18641915
29568565
31327267
15604153
27234217
27386433
39218044
28323125
40662362
12477776
17220558
40733022
14583680
19738376
17192506
20129249
24504666
25994870
19710077
22815852
9470816
11602521
27193993
18335219
16432637
39920787
39884809
23459442
15221887
11294926
24996380
30498448
24557078
32173978
36229649
10579481
20345939
24704000
17709632
40362255
19191333
35873555
39148552
22641028
18652519
39468580
22462746
34302059
40326103
22552318
26872113
15761113
38904499
40665658
23315174
26371285
26645208
15825040
39539630
21120996
21550019
38551694
19833260
15457444
19560446
25752914
24614921
21179214
29065426
27168100
18004211
28775293
26820907
15289788
26463708
16041240
15841315
21121772
12835612
20965456
30181602
35698907
18991847
18484082
20335220
39093709
20207952
12883402
17111267
9337439
28816644
27402191
40741000
19088262
38655277
26952092
24589908
38756645
25919121
9860300
29070014
28685643
19228205
25622064
20818295
20830509
22974728
32453264
16043828
39459499
24061601
34231218
23423913
24595013
27282261
22547813
26021325
20036620
24383060
22990751
17224914
16315267
25919112
37873543
15993850
23701583
39949600
29454235
30518301
28329746
24152261
38637968
23233662
25732572
23837477
14975928
28273335
25279974
22123356
40005966
24853734
22893251
31967516
27096699
14520706
24021217
26773420
24330000
28685716
32555608
16772608
24279852
28604474
28486791
30322771
18838503
35853541
27771748
23545896
39626927
40616336
15538128
28482130
17621383
1527229
29733390
23524664
25920679
24322785
31124417
34910759
25348617
27747906
17283289
28940478
20459744
21391883
25734178
28391407
23016521
12651279
20386561
20881512
26658227
32153387
30085428
7298112
36253887
21902499
35107877
12162507
20648473
26075959
15731587
19901119
23280169
35189719
21102981
12356937
30647433
20485328
36790080
14647407
10376773
34461232
25224415
28718515
18759275
21107318
38470454
34986431
9103550
18200436
17488658
24667010
28325531
37993281
24889923
18605963
18457324
16947783
27253829
37795024
37489533
16170755
29926893
19132693
25089947
36266537
28688202
24517233
38990762
14639062
26211952
22909208
32451547
19481584
35135554
22105431
18435918
29173032
24101478
27035618
24350725
18794729
25836994
18511696
23444229
29210320
33001556
27035272
27530327
30775324
35880564
23820299
23556448
33047329
24404132
24263182
28715540
24192532
26895070
25988058
22535333
17764537
23313410
8835703
24766668
26360046
26213157
21273734
19308365
9578184
12966368
18332269
23709418
17031720
16702979
29683944
19514130
26174719
36918744
21934637
34100299
19178400
20585342
18591455
20625352
16361556
25714002
32361904
22230405
20020283
26831894
23863877
25257159
26857559
29509491
20559687
24897291
25026456
29098099
25266681
31794166
25560469
21644011
29196917
30048756
25451051
28639471
28367249
25096017
33953123
22723959
9399694
23311897
32843687
21447862
19158312
27320564
28932176
16456808
21570397
39864574
4574753
25188725
38728170
25919042
23381968
38440181
36798930
39456782
19865079
26556226
22212732
37574850
23073208
31940240
28930109
38835664
23007924
27099716
30549267
17220563
34805533
20565970
23444281
39299224
39069255
22211527
22648373
33676726
39906671
38360955
37332933
25642918
36891827
32371615
27655857
21740768
4120538
28686294
40810118
8644731
8148222
21712425
19207029
11953843
9831149
15179414
20680028
12152006
23963147
24440142
24107802
38540428
19884611
26313486
37891772
26556688
12777968
18385676
26599303
40457359
34173968
36974789
24192120
26075078
22130800
26313485
23834376
16283274
19031955
25991289
19129086
11424981
25677220
38331848
27695358
24048276
39840108
26033222
28739427
29575099
35389962
39107874
23840296
24958824
22760475
12151923
24733007
25266679
37705408
9106529
11418485
20016225
22426923
23733030
21596874
12386647
22385882
23459029
16244001
16857630
38001504
10901705
37288113
36373739
23860572
20584552
31773688
38636352
35272420
25398452
25702819
21435719
31246565
21424386
22587422
22001987
22854539
22082652
30799432
37880658
19687236
34114646
27220761
20196918
16981842
40137409
30453884
19002350
19350112
25268394
26111149
16865253
407765
25286744
39350200
21868014
21528942
17923851
27983768
27115882
16257277
15349705
16841220
40959922
38685478
25115353
28550509
19376514
20585834
20442691
19204081
27447243
33404848
24951635
22591328
12728976
28512430
17537913
12728290
18810246
25461249
10915767
27885916
26799497
10583026
27287786
32701512
27406852
19005482
40709894
23876228
38377520
40346879
11474773
29748863
22197535
23703421
21332312
23875638
25441457
36624463
27452984
15492764
22486600
29099735
19945438
27486401
37564175
19392989
18195729
24956253
11560558
24909733
28506030
30114658
18609433
36789833
12152005
26825765
23127916
15856070
32612964
40958434
22776887
20547162
20136356
18854995
31149530
31813937
29502154
26239289
16682632
23817222
14499440
24498031
39825952
39660002
29540324
23418418
39488053
23494984
32373204
30079801
9827545
29914286
21803659
9389851
21103886
27073641
39711059
15284534
23521149
26216687
40949150
39054222
25831219
20110084
11928716
19104789
16815317
21094359
29193002
40422899
12724618
33608663
35752658
23926243
38453649
34721043
27773592
39500896
25881752
27069012
38479169
12955294
12065748
21142915
25869013
18855532
28492729
29243113
18349289
18504423
4818663
16890578
31823378
26524290
28332719
18851956
24684492
36303140
11079536
26042510
29444152
27918309
32467566
38445694
27671213
17697139
38674010
26886310
21823108
21057378
16815679
20360315
37712172
35508605
28154789
40083032
15262185
20823282
20921307
36118414
28639493
20385995
29683873
31698983
38745766
37061107
26544900
11741249
22057858
35947050
18945287
27967329
445966
17989110
32986886
25163792
21348813
17192893
37424405
17667795
20649757
15385937
27213804
28079798
23254216
25592234
21856293
15057902
26229432
12698304
29027195
1969501
37553950
27333947
30135031
29288229
23588312
28820077
9391883
11434506
27357737
17258395
20124171
28306618
20354686
21747412
21479364
38908142
23651023
28791697
18267032
24230997
30694883
16677176
28603840
24968714
5559437
11802100
22417713
30357299
21544031
22565219
23748253
18320559
30696812
36982571
18532997
23708174
25122903
40296719
23588304
25306451
21427285
22949529
26076924
27010727
19692698
27158673
24530212
18380793
31201901
7547049
25989890
23616064
33127459
27175586
20031551
21449672
17761710
38852696
31646624
16611274
27160286
21507170
23111422
22617224
23530079
18433502
26086347
26401715
11929404
7751854
32024945
15017333
24667440
24945780
29805548
28388599
27797974
28107378
38553322
19297219
36833383
26332308
28829817
12123492
40421567
17976958
8728305
19582440
24121523
23712814
11313749
22968431
28961156
40142989
15136504
28570300
37201212
21289623
39227453
20157310
25863251
28743242
24906949
25712183
26169577
18482659
24024897
38682355
21192344
26633805
19290018
31959879
23809542
37935069
26399967
21262992
10471063
24910925
30829738
27938396
18650507
31486735
19858780
19648163
17522595
19692680
27561198
25778468
20921970
15834068
16293801
21883387
22075505
26033044
38287840
30967597
38896022
38686648
20945351
23652803
17111199
18334915
19859084
29341237
20725741
24401318
20809362
26411831
18057531
14600574
12891229
24968986
39927599
16322642
16906020
17697394
23508821
23774101
40645349
36268685
23175667
22349464
25681132
21716274
29407288
40784610
11127854
27527610
1979357
28049362
16338278
24035285
31024313
16272700
28605053
30325732
23873120
28320034
31702801
22015451
17885628
17241877
22111603
37555408
24388031
19509150
28262345
26239045
25704243
26968791
17906856
15814642
20829635
19473722
23559864
18245543
15007088
37251339
20111055
26490229
20941486
19193698
37763115
10710136
31107373
21593735
37451178
32209837
25965825
23640958
34482033
20194698
31559922
34599645
15767339
20362271
28973620
25209194
16769602
35852914
17875118
37607302
25461247
25588704
15247625
27091191
24274990
18565259
24685597
30334909
25150845
20707787
20731819
31293154
18050183
26729200
11337938
17597605
18593715
28252574
15166949
37338505
16871470
20153897
31636356
24852429
17185998
16912869
24152157
34689504
35884569
24362944
22006347
24193570
26674571
19620853
29723928
7756104
16960721
27727460
28614176
24033696
29238301
3582462
26244882
18204343
25054547
25098908
23158458
11012469
17223085
15737014
17698030
31594719
27440861
40583882
25122046
26306225
17157856
20531370
32134726
18222980
15864128
21127457
16027735
15453913
35852913
18981003
32015455
28609430
17700364
19429911
31745220
22422348
19429918
20732351
9686374
22012471
28628560
28342282
24225399
12810179
17015051
40424646
10091406
15842651
32348495
32015454
23664723
22999230
24554646
39214396
37990344
29207912
25428516
26644204
22149470
38519421
15194512
22562052
25422735
14534524
37480318
20547595
21962566
20679962
16413245
25560468
20017670
35042400
24595507
24475354
12544691
40195278
17681167
16204390
36211438
20602614
25379722
33829662
37042314
21481946
24383873
32413235
12127547
37109042
27001119
39688234
16508157
29282363
38438359
36804920
36627267
16453024
23215885
22241789
20858905
21725156
17934830
39920408
25115449
29970035
15830237
25989235
39940086
24907224
19298317
12695469
28686080
21705454
31686598
24643635
10889552
38359166
29327975
26287939
28591085
17698328
11857751
20658008
28100007
30175559
27581200
19019189
15116052
16621918
31738228
23056288
10326749
21537551
23488607
27098059
15635667
7829078
12942574
25919528
22076562
17503482
15906019
23688183
33759177
27670767
24036429
23090619
9590495
25447891
27665849
19268736
29867468
23697249
12360106
23478653
24360851
19745563
16778723
26556524
19005160
26392323
17710899
21228368
25376930
21243006
23567787
40588615
22838948
25658027
18539200
18368069
20031628
15963082
37864290
31634677
22955794
26360837
22733538
24073221
33165168
31611591
18408561
22354160
8698850
25675103
20664233
37866670
40936486
19346234
19052714
19752884
19273465
31447353
24220697
18978520
21912425
25630984
22538805
19034904
23400010
13679074
21148426
29260275
26526111
31616047
30906561
10511065
20641098
36613935
16249748
30796320
26518936
27490376
32371614
21107309
40917024
18694831
32451486
15205367
33356553
17941052
25676789
25203738
32342502
27428168
23266789
29097388
32128760
30653146
21712851
29343979
40604035
36817149
30192390
40365305
19327620
17512587
21787189
31453772
21176721
19740397
20347093
21225912
37693320
24329186
17503978
31510971
16531626
31055022
32461666
26122863
7654478
26071279
24444408
18156033
27785604
15252283
12893983
17050801
28444425
24080325
21047202
18381794
26555332
38728491
18007983
28730340
22786571
29629838
37898643
19694741
18349392
21274861
28063098
15902904
26937359
12434264
39484171
27488001
21404110
26088794
28087982
27541716
17724700
32344632
31932875
19496924
10867985
25679126
19933691
26194361
17387341
15795539
27139837
11901361
24750455
29846282
37256334
35169303
26799162
34390503
26264253
36110554
23706899
35235559
20827267
18387740
16450155
27649267
25081908
38540209
18408560
15587250
5061461
19483528
21614492
27226358
30815856
26788534
28084894
15883587
29115708
21625751
22304537
19741565
11470994
20231857
32564268
15781665
15775779
8988065
27052877
30485432
23773341
38572689
22591463
17047488
16819548
21461252
36394393
21148049
29201113
40786508
37353859
26615671
24128935
24142869
18092181
23557865
18301070
19150055
31269327
26503815
30374408
17645482
28331852
23428009
20814155
21390311
30578947
22445761
10793824
24858822
31402421
40036182
16642541
16205777
16969059
37209178
22537608
39011815
31066027
39978853
17507615
10774634
20833683
29458119
28637434
31090079
37757956
19636338
24525658
7689389
19671875
23752739
18299612
27058899
10481059
23600531
18184080
32920647
24647041
38485815
35303539
25296365
7968118
21768473
35158880
24519753
25687989
40331998
22041458
22960765
17192769
21306565
39148102
23799451
34043814
22248724
19686464
26469104
27027462
23236239
27005817
22763757
27382027
25815774
23119086
21178985
38674430
30430914
12682708
12121503
15992732
24759732
38765788
17190370
19873684
38772712
28509689
25084201
23941071
14699607
28740425
23413280
7693389
28146264
27286724
17968817
17295875
23829937
19932356
24262617
26556583
21605004
28322941
21521021
25084200
20174590
28470107
38026963
15179405
19846067
39774699
19057464
17885621
21907615
15536456
11318841
37372371
22918879
17610534
27114598
39811327
18212800
33968142
30889042
21642471
30363031
9551410
23089671
29469964
21781277
27577869
27779248
24300978
29327356
26439641
17980418
28422153
35703273
31957548
39734275
36233089
25943212
28256933
29785580
22623212
28834135
25001883
21039637
24329187
25536375
25461246
29751792
24751813
22186618
20309874
26664259
12445030
25192553
25969720
30784356
21047199
10626755
25665511
23942138
27992301
20176026
29451946
30886581
27180762
19236730
15784872
20921925
24240480
38076777
17460754
29396738
19685112
11526490
6125724
26137539
22188362
21311897
28480819
11470997
33030089
29845393
22941032
34328221
21597399
14560161
28653333
20060832
14729419
25084203
15206669
21504270
26497601
12972956
21837673
25185591
25529343
25239468
40689604
28068583
20107430
18346175
39668580
7969038
28790841
19428704
21806388
20921968
20538124
39432161
32606912
40185984
24265036
26219158
10770451
15188945
25025378
19365399
23856853
24508947
21590310
20390258
25245580
27193581
28819312
22094953
37468669
38877696
25303296
38943286
24167597
20639878
26810134
24709690
24253594
27673605
28261502
24819158
11237731
36361964
20100600
10758249
17285735
18349090
21663814
35878676
10780263
17047654
22469198
28470127
21958076
17242628
7586638
38741273
18987660
24497997
11207001
20332423
2293406
21819538
22626609
25744370
18781850
10448083
17965519
40324568
24336898
22179231
11988088
20075642
24192121
22142827
23299853
26020121
22907732
24717838
21654688
38259277
24438215
17038883
20064494
24958282
18854779
22192158
21923605
27595674
34406845
17180579
37678026
38353109
32433341
25730470
21614669
15077008
23895809
31896765
28356835
20368717
28353407
14646691
24367646
40002704
30907440
38634369
29855074
27249660
23256547
29039339
36710196
36172660
36210801
